teff,fe_h
4951.144,-0.05460297
4497.99,-0.2320388
4908.684,0.07141705
4254.042,0.08002664
5019.722,-0.1145087
4750.098,0.201069
4700.857,-0.08702205
4997.215,0.01924009
5071.363,-0.0907207
4601.711,-0.08486973
5096.603,0.1274867
4722.574,-0.1666161
4725.82,0.196463
4916.001,0.2000669
4742.564,-0.04113502
5006.448,0.1050037
4811.295,0.09946272
4907.611,-0.04963776
4495.354,0.2327354
4550.697,0.02053565
4593.224,-0.3792638
5105.813,-0.08660845
4945.299,-0.02442559
4206.826,-0.1124695
4885.988,0.09092841
4570.875,0.211407
4669.236,0.232214
5044.952,-0.01067404
4993.408,0.08331914
4923.974,0.1254885
4924.689,0.1320606
4991.954,0.1273133
4636.852,-0.08351398
5043.208,0.04235476
4735.09,-0.09022177
5044.778,-0.03465257
4597.308,0.1312147
4997.555,0.2547683
4558.969,0.3715636
4783.373,0.1343539
5039.232,-0.4294095
4719.468,0.1264161
5014.646,0.1148226
5050.282,0.1565196
4242.644,-0.01712596
5020.998,-0.08061764
4994.379,0.1336387
4444.069,0.294625
4861.358,0.2457143
4633.118,-0.07130738
4593.223,0.2144123
4756.338,0.1525536
3998.578,-0.03188523
4591.183,0.23008
4510.136,-0.4603078
4993.933,-0.1024619
4887.624,0.09461445
4353.383,0.5326353
4799.277,0.2672835
4919.352,0.1638341
5046.006,0.09271872
4673.391,0.06738141
4716.674,-0.09700403
5138.623,-0.111392
4442.962,0.1030195
4659.489,-0.3226923
4976.021,-0.02091777
4542.799,-0.1518229
4917.348,-0.01666868
4682.93,-0.3087195
5031.608,0.105941
5079.299,-0.07375102
4933.75,0.19249
5068.725,-0.1535707
5052.993,0.09539142
4819.458,-0.0203156
4999.105,-0.03950892
4632.938,0.04793224
5071.176,0.02710916
4781.414,-0.05936935
5002.158,-0.3146783
5038.923,-0.1789916
5067.775,0.00489219
4569.714,-0.2498565
5097.016,-0.04429472
4750.415,0.08444834
5007.973,-0.09493766
4823.176,-0.09668884
4720.148,-0.3021839
4614.913,0.02864531
4448.507,0.3368091
5002.575,0.3145591
4665.184,0.1345504
4976.89,-0.04706147
4610.857,0.3554452
4670.049,0.1948819
4896.786,-0.2464859
5048.361,-0.03820146
5078.675,0.297282
4695.659,0.1326132
4480.026,-0.1563359
4559.639,-0.1650319
4749.546,-0.6966584
4862.323,0.2641436
4674.078,-0.02611044
4602.695,0.1455653
5053.673,-0.2634766
5068.167,-0.1597511
5049.787,-0.8214787
4435.042,0.2284737
5125.551,0.2938316
4501.678,0.2305439
5081.854,0.0937126
4862.234,-0.1599231
4431.703,-0.8255066
4870.47,0.2958376
4588.172,0.3481494
4782.464,-0.2607237
4731.524,0.205934
4487.344,0.0801988
5128.593,-0.8943378
4986.553,0.1036177
5079.074,-0.08375799
4965.415,0.1149243
4873.776,0.2577866
5043.754,-0.224708
5044.243,-0.2498453
5011.383,0.04758232
5012.862,-0.05560004
4645.938,-0.1618572
5043.018,0.1027676
4828.657,0.1469199
4690.566,0.1749161
5015.997,-0.2262811
4905.02,0.09471627
4564.897,-0.03770379
4955.226,-0.02618385
4673.032,-0.07462478
4960.521,-0.2456069
4953.479,0.09241009
4611.451,0.1774561
5126.537,-0.1673102
4620.38,0.2240279
5060.981,0.1093719
4798.663,0.3571187
4694.448,0.1424413
5013.652,0.1829253
4757.815,0.00323038
5091.819,0.04194831
4069.025,0.02039959
4295.772,0.09092621
5027.145,0.1728951
5084.171,-0.08633228
5067.997,-0.02050999
4351.132,0.01023424
4726.844,-0.05164842
4456.777,0.1430332
4026.504,-0.07754859
5063.704,-0.08808451
4527.46,0.3403335
5009.495,-0.6555939
5031.094,0.1179508
4417.226,0.1737909
4156.205,-0.1853128
4988.266,0.07589996
4507.274,0.1508446
5078.836,-0.1876718
4985.705,0.1910939
4634.301,0.0324829
4723.173,0.2043479
4836.638,0.0515421
5037.639,0.04078839
4878.336,-0.138528
4335.502,0.05885102
4555.054,0.2453236
4576.677,-0.5550134
4550.994,0.3529751
4903.37,-0.2923613
4322.555,0.2726942
4716.412,-0.0564236
5042.667,-0.06786112
5065.543,-0.008601015
5091.685,0.1741421
4320.824,0.1487717
5026.323,0.2427442
4526.093,-0.4816023
4588.763,-0.1872482
5097.002,0.1266457
5058.39,-0.1518063
5064.604,0.195539
5051.709,0.07706102
4347.826,0.1382412
3921.086,-0.5359666
4604.134,0.2719326
4709.325,0.2078091
4613.704,-0.1806728
4521.855,0.3176073
4279.655,0.238522
4554.302,0.331217
4755.438,-0.1443465
4644.288,0.1862624
3967.329,0.08806097
5053.14,-0.01580775
4634.229,0.4838108
4148.667,-0.103145
4884.387,0.09292087
4958.585,-0.07871414
4441.625,0.1545715
4613.015,-0.4601972
4416.424,0.1303876
5035.889,0.03428995
4839.182,-0.2890233
4688.626,0.1044391
4262.445,-0.02759052
4694.741,-0.08245467
4911.638,-0.4458449
5033.983,0.02100177
4151.054,0.06736649
4268.852,0.05216053
4753.519,-0.085306
4537.747,0.1271062
4141.98,0.07335015
4636.191,0.05891999
4993.885,0.04035004
4946.512,0.1290883
4569.796,-0.09189887
4710.441,0.2387473
4897.395,-0.3618586
4746.962,-0.1905992
4823.447,0.04158916
4434.56,0.2011473
5103.513,0.08567594
4976.213,0.2169347
4853.2,0.2167937
4861.599,-0.02698857
4621.673,0.2467411
4452.358,0.1309795
4539.263,0.3160141
5082.743,-0.04146788
4542.413,-0.05128334
4496.841,-0.3903679
4953.142,0.2487582
4651.656,0.204877
4992.84,-0.135717
4816.118,-0.2216491
4543.929,0.06705134
4970.426,0.01690258
4882.175,0.04946015
4459.317,0.2925565
5112.805,0.1280322
4648.586,0.1571792
4938.712,-0.01544646
5063.361,0.1381984
3974.07,0.234567
4353.461,-0.3220474
5057.706,-0.1039443
4793.939,0.2211962
4639.486,0.09363453
4728.863,-0.5932433
4728.993,-0.05687978
4990.963,0.3675205
4656.484,-0.1433249
5087.91,-0.7772281
5048.279,-0.1183773
4676.558,0.033419
5022.613,0.1069806
4738.554,-0.5064785
5094.023,-0.06472283
5095.604,0.1273497
4987.065,-0.2046402
5063.948,0.01076365
5032.557,0.1466369
4330.712,0.1050302
5008.961,-0.7868289
5096.121,-0.03678903
5050.148,-0.0512125
4608.441,-0.01233756
4952.558,0.05504987
5057.076,0.08875573
4910.988,-0.06699479
4924.927,0.267779
5046.724,0.2068647
4326.81,-0.2138517
4508.936,0.1933329
4954.437,0.3028393
4608.91,0.140924
4817.836,0.05678708
4623.047,0.1484397
5160.889,0.005069808
4149.713,0.1049201
5051.266,-0.1408481
4785.156,-0.09918237
4599.861,0.03891177
4928.123,-0.3828012
4535.741,0.02952022
5068.15,-0.01453319
4707.485,0.06480887
4557.414,-0.3056737
4825.172,0.08928373
4593.376,-0.1303625
4573.367,0.1391094
4767.615,0.09958877
4710.43,-0.07775474
5124.236,-0.6883855
4924.871,-0.4289266
4736.799,-0.6961964
5001.337,-0.8343638
4844.619,-0.1005893
4755.625,0.03225829
4975.157,-0.09022842
5055.146,-0.1186899
4994.148,0.07618541
4961.352,0.1616476
5017.787,-0.2065016
4022.679,0.2718687
5061.06,-0.2104836
4764.8,-0.129515
3908.823,-0.3067852
4392.385,-0.2070074
4694.381,0.106408
5062.076,0.09639227
4559.073,-0.1061413
4917.307,-0.3921918
5078.308,0.2141558
4641.151,0.3996627
4580.822,0.1377355
4778.076,0.1640991
4091.538,-0.2738415
4953.59,0.01576568
4971.804,0.02072669
4728.554,0.1781825
4614.609,0.4790259
3944.963,1.031791E-06
4650.122,0.06499082
5065.309,-0.08465561
5093.74,-0.01588737
4603.956,0.2182871
5003.998,-0.03469409
4962.61,0.1989329
4985.9,-0.2393057
4981.917,-0.03530278
4467.049,-0.03950265
4586.308,0.128231
4671.35,-0.2520129
4533.788,0.2339044
4722.873,0.1723956
4939.511,0.1298614
5058.203,-0.1198167
4751.454,0.2713525
5048.792,0.04346498
5111.096,0.04233298
4658.45,0.3153765
4391.631,-0.07369561
4943.411,0.1720954
4649.917,-0.4020006
4698.985,-0.3843855
4971.225,-0.5014357
4765.421,0.2395898
4781.288,0.000622558
5065.374,0.0173694
4597.336,-0.4308635
4587.127,0.1497784
4604.462,0.1994051
4606.524,0.1517216
4975.126,-0.08782661
4670.785,0.1590903
4431.993,0.08264744
4330.381,0.005370372
4725.611,0.08125079
4980.05,0.2513463
4998.068,-0.004117007
4866.67,-0.1074924
4765.266,-0.0253329
4598.991,0.08865173
4873.395,0.1111459
4650.604,-0.04480027
4710.13,0.1423396
5087.636,0.08441578
4153.123,0.08076177
4613.154,0.1967056
4684.024,-0.4192125
4702.237,-0.09523447
4761.34,0.2268583
4534.28,-0.1119478
4902.911,-0.1646286
4300.405,-0.6112291
4567.331,0.1570342
4709.944,-0.01941815
4904.059,-0.4756094
4388.168,0.2347871
4964.86,-0.1140607
4466.646,-0.2015015
4985.095,-0.385896
4608.945,-0.280652
4420.482,-0.0975965
4997.396,0.04318294
5042.899,-0.04262581
4906.146,0.03368187
4602.224,0.1369694
4822.796,0.2115547
4922.352,0.03414021
4132.312,0.1258334
4680.688,0.1858258
4585.546,-0.43529
5046.572,-0.01271073
4823.52,-0.2819492
4508.571,0.3232055
4893.705,0.06312232
4708.535,0.2928938
4415.284,0.1891339
4974.868,-0.4790727
4317.773,-0.1579145
4817.009,0.4086505
4354.097,-0.03075795
4843.889,-0.004452932
4275.074,0.03962686
5082.816,-0.09006234
3843.206,0.2167805
4447.326,0.390457
4987.82,-0.3295905
5052.7,-0.008999567
5011.917,0.1524755
4573.125,0.02792137
4658.012,-0.09485471
4802.703,-0.1409767
4391.986,0.0835521
5009.162,0.2307496
4643.469,0.06067951
5061.698,0.1559485
4431.465,0.3602791
5008.983,-0.01935776
4564.009,0.1856046
4254.908,-0.7081326
4934.017,0.2911218
4683.999,-0.1587343
5081.961,-0.006088641
4716.515,-0.04372229
4817.658,0.3410308
4923.417,-0.3779203
4663.171,0.04958239
4758.174,-0.2070992
4779.155,0.3040299
4688.977,-0.3965395
4807.673,-0.2331808
5060.158,-0.3530631
4723.549,-0.08949453
3876.368,-0.1429444
4926.554,0.2430748
4974.997,-0.2256919
4750.102,0.007431489
4036.473,0.3222649
4593.406,0.1733416
4805.43,-0.2247006
4487.967,-0.01691088
4842.233,-0.02519503
4912.377,0.1533061
4324.122,0.3714659
4895.446,0.2012778
4944.688,0.1253997
4997.827,0.1340995
4647.627,0.2073505
4967.415,-0.05921254
4809.145,-0.1564315
4722.186,-0.1670135
4818.938,-0.2222054
4509.558,0.2241706
4915.925,0.1910878
4806.338,-0.2454833
4667.293,0.2418588
4806.957,0.4249265
4265.9,0.1299712
4833.698,-0.007465066
4995.593,-0.7007703
5018.198,0.2877409
4632.689,-0.06746688
3990.774,-0.4231128
4502.956,0.4931804
4682.486,-0.1812882
4969.336,-0.210742
4259.077,0.2248206
4248.524,-0.004570875
4780.721,0.2148396
4465.179,0.378095
4965.366,0.1314124
5042.093,-0.7459128
4856.87,0.2247541
5016.776,-0.1386212
4920.695,0.2003425
4630.048,0.1391356
5018.382,0.09529874
4675.843,0.2359882
5098.208,0.1134742
4690.09,-0.3161032
4678.518,-0.2688058
5036.219,-0.2152766
4840.59,0.3678324
4705.853,0.1982353
4619.019,-0.876769
4853.829,-0.224244
4792.875,0.4115556
5063.258,0.1305485
4542.59,0.1781795
4765.608,-0.1986212
5028.09,0.1132939
4577.222,0.3344735
4132.76,-0.294879
5013.731,-0.330987
4281.791,0.1817601
4595.543,-0.8633549
4561.921,0.1484943
4983.043,-0.1283009
4666.405,0.0566044
4472.21,0.1957202
4517.099,-0.3211757
3851.602,-0.07954115
5077.559,-0.1480107
5011.63,0.1901323
5031.707,0.1407971
4987.834,0.1942776
5059.167,0.04921094
4812.761,0.01541219
4477.875,0.01110835
4935.492,0.0237512
4996.772,0.2257983
4800.687,0.1202908
4324.258,0.1903391
4737.401,-0.1172519
4709.107,0.08108436
4443.799,0.01145896
4112.244,-0.03571112
4388.263,-0.2238257
4914.276,-0.1912783
4397.904,0.05712634
4165.419,0.08127883
4864.019,0.02395752
5017.888,-0.2232615
4864.628,-0.1391468
4567.207,0.3408634
4263.091,-0.4459881
4638.858,0.06513502
5021.818,-0.02550567
4659.336,0.353442
4327.129,0.1355181
4652.732,-0.8869409
4689.655,-0.0146986
4769.436,0.2055952
4983.35,-0.2359384
4957.51,0.2780596
4184.182,-0.1016688
4232.428,0.1828132
3959.997,0.1979469
5072.357,0.08998186
4516.893,0.215986
5020.451,0.04938433
4489.89,0.2046787
4650.826,-0.1974854
5062.25,-0.1651129
5028.581,0.03924073
4122.227,0.02017472
5014.398,-0.3476762
5016.563,-0.2791736
5059.479,-0.6958007
4608.949,0.166628
4975.289,0.01762255
5022.748,-0.06841385
4144.782,-0.09803545
4486.545,0.2326945
4473.814,0.08394013
5011.195,0.0461688
5054.092,0.2189507
4868.228,0.2677638
4808.463,0.02995451
4941.908,0.3065049
4789.971,0.0535166
4627.671,0.1303079
4518.486,0.06531297
4111.495,0.2822899
4888.033,-0.3351527
4546.792,-0.03958682
4565.362,0.02498364
3988.584,0.1137897
5031.291,0.1853691
4943.437,0.02375915
4878.749,0.1358926
5027.04,-0.3674928
5032.745,0.1688814
5049.098,0.1844768
5127.864,-0.06264908
4575.7,0.2274849
5035.93,0.08344372
4599.188,-0.3418153
5002.733,0.07668263
4576.76,0.1133143
5035.687,-0.8201137
4630.591,0.2070763
4959.298,0.01054847
4245.898,0.06959338
4372.271,-0.08516592
4875.905,0.01000542
5175.52,-0.05995237
5030.495,0.143086
4662.071,0.1481369
5021.297,0.01953519
4752.482,0.05888343
5069.469,0.02280156
4932.156,-0.1095094
5041.289,-0.3269263
4974.878,-0.04469932
4700.534,0.1548671
4623.293,-0.153733
4334.234,0.2836677
4823.54,0.4272654
4671.059,-0.1405015
4761.962,0.2672764
5006.542,-0.1903346
5011.834,0.2467266
4317.013,0.04296212
5116.725,-0.09314965
4705.569,0.1107923
5142.595,0.1190294
4737.982,-0.1603632
4735.004,-0.1418614
4635.152,0.3438052
4149.697,0.08612375
4158.144,0.1151082
4990.912,0.1068891
4956.146,0.08402333
4709.587,0.03059535
4694.509,0.1397646
4260.995,-0.419999
4986.568,-0.3355022
5056.145,0.03348593
4688.429,-0.004037338
3888.076,-0.01697914
4783.816,0.1262336
4557.633,0.3065184
4854.008,0.132433
5022.327,0.1076019
4744.333,0.06293897
4918.498,0.007553784
4416.71,0.1771206
5209.528,-0.1223182
4562.846,-0.04901466
4550.323,0.1722734
5032.748,-0.02565887
4758.964,0.228247
4932.943,-0.2584141
5101.009,0.02242831
5002.321,-0.1502854
4718.256,0.01353863
5036.917,0.1567094
4943.842,0.1835119
5016.25,0.005012502
4913.822,0.2152034
4502.409,-0.1604336
5033.694,0.1056353
4767.02,-0.3704385
4487.907,0.1168908
4641.289,0.1333189
4867.707,0.006510023
4416.646,0.01603669
5039.247,0.005072801
5028.878,0.05950347
4986.844,-0.2011626
4668.979,0.1784418
4683.074,-0.06233727
4017.17,-0.1104384
5064.354,-0.5315894
4735.896,0.154518
4503.109,0.02002395
4336.234,0.1063115
4998.733,-0.2232915
4777.527,-0.1750205
4998.134,-0.01499833
4597.998,-0.1222605
4951.148,-0.001099786
4490.837,0.09468341
5069.606,-1.067104
4557.809,0.251462
4578.01,-0.515099
4957.421,0.05511425
4630.127,0.1733895
4808.599,0.0007853716
4568.584,0.3169316
4584.095,0.1771949
4867.647,0.1640189
4884.65,0.2561809
4436.832,0.0350468
4677.854,0.1917552
4952.273,-0.1037945
4495.121,0.1736361
4994.766,0.2125464
4979.769,-0.1266914
4883.249,-0.2294987
4766.888,0.2619661
5043.389,-0.4586869
4011.619,-0.1176775
4870.187,-0.2132863
4420.727,-0.5257992
4769.783,0.1912461
4555.421,-0.08526547
5022.705,0.1884335
4533.752,0.03338492
5056.798,0.1918231
5059.424,-0.01622793
5009.164,0.2205661
3955.198,0.120501
4515.296,0.276953
4725.726,-0.08488805
4991.095,-0.02862442
4552.457,0.3679666
4991.175,0.2693503
5048.496,0.09609639
5069.532,0.06604791
5037.425,0.07233407
4651.514,-0.1446095
4572.53,0.01579512
4802.905,0.03078534
4244.006,0.2260256
4997.318,0.06959841
5012.142,-0.2802622
4612.66,-0.0006423541
4566.147,0.120114
4971.361,-0.1752671
4597.563,-0.1417962
4824.937,0.2190095
4727.938,0.1236859
4793.183,0.1239052
4973.488,0.1406472
5102.148,0.03620986
5033.834,-0.2832931
4764.646,0.2720776
4661.418,-0.7559444
4557.896,0.1377653
4959.059,-0.265708
4029.263,-0.06974656
4070.61,-0.1158984
3891.449,0.005699785
4672.765,0.3448644
4528.788,0.134582
5176.793,-1.985433
3841.373,-0.4176727
4536.541,-0.2235742
4365.335,-0.08875801
5012.949,0.1717875
4661.78,-0.08874246
4662.578,0.2325718
4806.247,0.2022749
3816.163,-0.5815031
4730.139,0.2892374
3662.113,0.2124404
3648.29,-0.4103819
3658.102,0.1954209
3906.109,-0.5559996
4275.018,-1.129216
3722.035,0.2773431
4588.877,0.2790069
3798.486,-0.4317366
3793.65,-0.02135496
3711.794,-0.08545879
4204.795,0.3065914
3823.454,0.3119317
3949.757,-0.9297374
4090.948,0.2319105
3709.832,0.02476383
4423.793,0.4303307
4833.895,0.004797533
3776.794,0.2576241
4424.998,-0.485137
3770.686,0.32278
4587.793,0.3656443
4817.104,0.30665
3825.427,0.2740014
3700.735,0.3150337
3720.885,0.2386643
3912.292,0.3473335
4107.949,-0.5034727
4218.866,0.3256406
4324.697,0.3874364
4105.022,0.2148497
3826.282,0.3236451
3745.35,-0.8699897
4164.719,0.2126449
3669.225,-0.1982959
3679.015,0.2800466
3687.302,0.2510181
4940.616,0.3478866
4406.066,0.2313487
3774.64,-0.3447905
3578.477,0.1459664
4193.104,0.3738635
4361.006,0.4377222
3619.032,-0.02932917
3909.6,0.1995308
4124.833,0.1912187
4096.83,0.3494088
3855.359,0.3729567
4934.08,0.2652449
3848.165,0.3010395
3578.75,-1.07249
4147.346,0.2690228
3659.086,-0.2566431
3617.257,-1.003361
4264.871,0.4937073
3583.513,-0.2054189
3643.381,-0.09059515
3757.588,0.1066251
3616.376,0.2048836
4903.615,0.08720308
4340.016,-0.2726457
3709.888,-1.2569
3720.535,0.2633542
4534.89,0.2779244
3716.277,0.2281604
4140.091,0.2461261
3809.871,0.2617489
4032.99,-0.3410798
4484.048,0.3152339
3580.743,0.04382775
4588.063,0.2451689
4134.959,0.2786885
3973.535,0.2770153
3580.29,0.1394235
3580.349,-0.507329
4570.645,0.3188853
4538.904,0.3501347
3641.313,0.2781478
4085.846,0.328029
3631.969,-0.6023995
4424.427,0.2769181
3667.944,0.08748629
3823.209,0.1000608
4731.958,0.3144843
3714.862,-0.3827159
3709.387,0.1760427
4518.192,0.4179825
4378.139,0.2956845
4716.609,0.3533114
4189.222,0.3404922
3642.382,0.1613844
4694.156,0.2940795
3949.938,0.2229441
4849.822,0.1426486
5006.611,-0.5618972
4793.022,0.2294424
4642.349,-0.3403582
4659.312,-0.4117289
4536.876,-0.1022686
4929.657,-0.3952719
4912.458,-0.6360252
4660.538,0.2271369
4654.948,-0.5459967
5004.737,-0.3059427
4971.204,-0.6325083
4596.957,-0.003834866
4725.414,0.1522248
4672.281,-0.5299048
4876.165,-0.4431832
5082.188,-0.8662854
4913.332,-0.2117677
4238.873,-0.07910132
4560.813,-0.5207453
4621.278,-0.7369457
4501.741,-0.4264196
4605.467,0.1268554
4585.634,0.176244
4526.313,-0.2046146
4472.542,-0.410867
4300.483,-0.153053
4660.233,-0.1064209
4596.651,-0.2362629
4703.508,0.04339348
4717.175,0.0514771
4568.37,0.1681208
4521.496,-1.719452
4733.829,-1.61312
4640.598,-1.79345
4316.742,-1.729839
4693.904,-1.727219
4571.539,-1.428706
4346.679,-1.798022
4624.986,-1.855091
4984.505,-0.6343902
4763.809,-1.478131
4560.24,-1.678659
4352.305,-1.502796
4671.45,-1.671123
4030.043,-0.6504139
4625.58,-1.543379
4865.4,-1.663009
4764.667,-1.814771
4672,-1.746207
4649.375,-1.671239
4668.306,-1.639134
4690.036,-1.680625
4492.774,-1.318147
4700.144,-1.9254
4746.721,-1.721376
4498.303,-1.723072
4996.421,0.005443466
4987.386,-0.8694237
4990.513,-0.3125262
4191.511,-0.2465865
4503.318,-1.714221
4976.621,-1.941559
4555.826,-1.842502
4478.896,-1.492566
4908.635,-0.9465896
4156.932,0.09243211
4714.651,0.1286822
4724.416,-0.4689177
4250.323,-1.593397
4624.002,0.1046927
4510.077,-0.3088336
4730.933,-0.1128243
5003.897,-0.5197174
5018.833,0.08235975
4607.861,0.3001678
5087.131,-1.145798
4954.661,-0.6494101
4817.104,-0.1867003
4167.704,0.01138248
4608.872,-0.2391262
4732.842,-0.6728864
4267.682,-0.4686493
4548.521,0.2408517
4621.808,-0.2338553
4703.018,-1.73413
4867.037,-0.5665863
5007.314,-0.1016044
4567.469,-0.001523511
4330.925,-1.192354
5060.893,-1.018011
4732.534,0.1642302
4795.204,0.06064791
4919.077,-1.765934
4873.993,-0.3118814
4642.099,-0.1345415
5091.432,-0.1834207
4895.531,-0.4506212
4655.405,-1.813993
4654.65,0.1259343
4644.184,-0.4749234
4531.282,-0.5842124
4763.452,-0.1261466
4982.365,-0.5330184
4873.755,-0.4934197
5075.272,-0.947503
4752.338,0.1109497
4776.914,-0.4620535
4907.569,-0.1611791
4697.268,-0.4121123
4577.61,0.1627881
5012.767,-1.433511
4961.175,-0.4649207
4959.767,-0.3098351
4878.632,-0.1706362
4978.747,0.1549023
4710.064,0.05977514
4959.897,-0.2769814
5044.299,0.1282788
4881.169,-0.7614247
4864.724,-0.2142411
4996.044,-0.4080372
4699.006,-0.3665727
4811.605,-0.2269944
4549.599,-0.3955262
5040.728,-0.431638
4739.754,-0.1679586
3950.589,-1.39334
4623.434,0.1949376
4936.383,-0.3723554
4788.228,-0.3716391
4608.814,0.03300611
3743.476,-0.7968723
4742.724,-0.1530527
5116.769,-0.8259736
4966.363,-0.08396298
4717.987,-0.6106746
4871.709,-0.3528734
4963.021,-0.1642944
5054.303,0.1573743
5041.932,0.09057838
5022.86,-0.5408902
4684.717,-0.3444549
4987.998,-0.2065428
4537.88,-2.098991
4783,-0.9374523
5019.28,-1.975492
4578.937,-0.3239034
5119.676,0.07079822
3823.693,-0.7940888
4254.19,-0.2724562
5095.271,-0.6153216
5094.774,-0.8807886
4970.223,-0.07512557
4988.489,-0.2349055
3993.001,-1.268507
4666.214,-0.4032351
4942.117,-0.08423983
